    -5.000            2.629000            3.857000           10.333000
    -4.950            2.629000            3.857000           10.333000
    -4.900            2.629000            3.857000           10.333000
    -4.850            2.629000            3.857000           10.333000
    -4.800            2.629000            3.857000           10.333000
    -4.750            2.629000            3.857000           10.333000
    -4.700            2.629000            3.857000           10.333000
    -4.650            2.629000            3.857000           10.333000
    -4.600            2.629000            3.857000           10.333000
    -4.550            2.629000            3.857000           10.333000
    -4.500            2.629000            3.857000           10.333000
    -4.450            2.629000            3.857000           10.333000
    -4.400            2.629000            3.857000           10.333001
    -4.350            2.629026            3.856960           10.332918
    -4.300            2.629051            3.856923           10.332738
    -4.250            2.628878            3.857242           10.333980
    -4.200            2.628407            3.858198           10.337520
    -4.150            2.628004            3.859053           10.340561
    -4.100            2.629051            3.857108           10.332818
    -4.050            2.635829            3.843960           10.282256
    -4.000            2.653700            3.810050           10.150933
    -3.950            2.677964            3.763479            9.966260
    -3.900            2.688728            3.730510            9.882427
    -3.850            2.681674            3.709041            9.950560
    -3.800            2.658604            3.683207           10.091104
    -3.750            2.617216            3.613337           10.128678
    -3.700            2.455138            3.310566            9.113328
    -3.650            1.685995            2.262846            5.082265
    -3.600            0.450742            1.242471            1.697984
    -3.550            0.061811            1.016214            1.077844
    -3.500            0.006395            0.986981            1.007660
    -3.450            0.000609            0.987018            1.000724
    -3.400            0.000034            0.991510            1.000051
    -3.350           -0.000003            0.997180            1.000000
    -3.300           -0.000001            1.002612            1.000000
    -3.250            0.000001            1.006267            1.000000
    -3.200            0.000000            1.008768            1.000000
    -3.150           -0.000000            1.011299            1.000000
    -3.100            0.000000            1.013840            1.000000
    -3.050            0.000000            1.015590            1.000000
    -3.000            0.000000            1.016274            1.000000
    -2.950            0.000000            1.015470            1.000000
    -2.900            0.000000            1.012694            1.000000
    -2.850            0.000000            1.008452            1.000000
    -2.800            0.000000            1.003360            1.000000
    -2.750            0.000000            0.998407            1.000000
    -2.700            0.000000            0.995161            1.000000
    -2.650            0.000000            0.992955            1.000000
    -2.600            0.000000            0.990412            1.000000
    -2.550            0.000000            0.987134            1.000000
    -2.500            0.000000            0.984150            1.000000
    -2.450            0.000000            0.982348            1.000000
    -2.400            0.000000            0.982616            1.000000
    -2.350            0.000000            0.985682            1.000000
    -2.300            0.000000            0.990529            1.000000
    -2.250            0.000000            0.996076            1.000000
    -2.200            0.000000            1.001387            1.000000
    -2.150            0.000000            1.005256            1.000000
    -2.100            0.000000            1.008067            1.000000
    -2.050            0.000000            1.010917            1.000000
    -2.000            0.000000            1.013799            1.000000
    -1.950            0.000000            1.015836            1.000000
    -1.900            0.000000            1.016651            1.000000
    -1.850            0.000000            1.015806            1.000000
    -1.800            0.000000            1.012998            1.000000
    -1.750            0.000000            1.009082            1.000000
    -1.700            0.000000            1.004421            1.000000
    -1.650            0.000000            0.999691            1.000000
    -1.600            0.000000            0.996239            1.000000
    -1.550            0.000000            0.993758            1.000000
    -1.500            0.000000            0.990925            1.000000
    -1.450            0.000000            0.987301            1.000000
    -1.400            0.000000            0.983961            1.000000
    -1.350            0.000000            0.981921            1.000000
    -1.300            0.000000            0.982163            1.000000
    -1.250            0.000000            0.985317            1.000000
    -1.200            0.000000            0.989875            1.000000
    -1.150            0.000000            0.995023            1.000000
    -1.100            0.000000            1.000108            1.000000
    -1.050            0.000000            1.004164            1.000000
    -1.000            0.000000            1.007345            1.000000
    -0.950            0.000000            1.010573            1.000000
    -0.900            0.000000            1.013786            1.000000
    -0.850            0.000000            1.016054            1.000000
    -0.800            0.000000            1.016931            1.000000
    -0.750            0.000000            1.016011            1.000000
    -0.700            0.000000            1.013242            1.000000
    -0.650            0.000000            1.009675            1.000000
    -0.600            0.000000            1.005468            1.000000
    -0.550            0.000000            1.000982            1.000000
    -0.500            0.000000            0.997349            1.000000
    -0.450            0.000000            0.994535            1.000000
    -0.400            0.000000            0.991358            1.000000
    -0.350            0.000000            0.987423            1.000000
    -0.300            0.000000            0.983820            1.000000
    -0.250            0.000000            0.981624            1.000000
    -0.200            0.000000            0.981853            1.000000
    -0.150            0.000000            0.985015            1.000000
    -0.100            0.000000            0.989271            1.000000
    -0.050            0.000000            0.994014            1.000000
     0.000            0.000000            0.998856            1.000000
     0.050            0.000000            1.003062            1.000000
     0.100            0.000000            1.006648            1.000000
     0.150            0.000000            1.010288            1.000000
     0.200            0.000000            1.013789            1.000000
     0.250            0.000000            1.016183            1.000000
     0.300            0.000000            1.017054            1.000000
     0.350            0.000000            1.016073            1.000000
     0.400            0.000000            1.013469            1.000000
     0.450            0.000000            1.010253            1.000000
     0.500            0.000000            1.006458            1.000000
     0.550            0.000000            1.002212            1.000000
     0.600            0.000000            0.998446            1.000000
     0.650            0.000000            0.995264            1.000000
     0.700            0.000000            0.991705            1.000000
     0.750            0.000000            0.987518            1.000000
     0.800            0.000000            0.983779            1.000000
     0.850            0.000000            0.981507            1.000000
     0.900            0.000000            0.981705            1.000000
     0.950            0.000000            0.984766            1.000000
     1.000            0.000000            0.988696            1.000000
     1.050            0.000000            0.993045            1.000000
     1.100            0.000000            0.997646            1.000000
     1.150            0.000000            1.001995            1.000000
     1.200            0.000000            1.006053            1.000000
     1.250            0.000000            1.010156            1.000000
     1.300            0.000000            1.013804            1.000000
     1.350            0.000000            1.016124            1.000000
     1.400            0.000000            1.016908            1.000000
     1.450            0.000000            1.015991            1.000000
     1.500            0.000000            1.013679            1.000000
     1.550            0.000000            1.010817            1.000000
     1.600            0.000000            1.007385            1.000000
     1.650            0.000000            1.003379            1.000000
     1.700            0.000000            0.999503            1.000000
     1.750            0.000000            0.995887            1.000000
     1.800            0.000000            0.991900            1.000000
     1.850            0.000000            0.987585            1.000000
     1.900            0.000000            0.983901            1.000000
     1.950            0.000000            0.981645            1.000000
     2.000            0.000000            0.981763            1.000000
     2.050            0.000000            0.984582            1.000000
     2.100            0.000000            0.988136            1.000000
     2.150            0.000000            0.992105            1.000000
     2.200            0.000000            0.996482            1.000000
     2.250            0.000000            1.000989            1.000000
     2.300            0.000000            1.005567            1.000000
     2.350            0.000000            1.010163            1.000000
     2.400            0.000000            1.013797            1.000000
     2.450            0.000000            1.015814            1.000000
     2.500            0.000000            1.016526            1.000000
     2.550            0.000000            1.015824            1.000000
     2.600            0.000000            1.013870            1.000000
     2.650            0.000000            1.011359            1.000000
     2.700            0.000000            1.008247            1.000000
     2.750            0.000000            1.004464            1.000000
     2.800            0.000000            1.000477            1.000000
     2.850            0.000000            0.996368            1.000000
     2.900            0.000000            0.991928            1.000000
     2.950            0.000000            0.987648            1.000000
     3.000            0.000000            0.984231            1.000000
     3.050            0.000000            0.982077            1.000000
     3.100            0.000000            0.982048            1.000000
     3.150            0.000000            0.984471            1.000000
     3.200            0.000000            0.987584            1.000000
     3.250            0.000000            0.991198            1.000000
     3.300            0.000000            0.995395            1.000000
     3.350            0.000000            1.000046            1.000000
     3.400            0.000000            1.005118            1.000000
     3.450            0.000000            1.010154            1.000000
     3.500            0.000000            1.013700            1.000000
     3.550            0.000000            1.015389            1.000000
     3.600            0.000000            1.016039            1.000000
     3.650            0.000000            1.015571            1.000000
     3.700            0.000000            1.014032            1.000000
     3.750            0.000000            1.011879            1.000000
     3.800            0.000000            1.009030            1.000000
     3.850            0.000000            1.005407            1.000000
     3.900            0.000000            1.001300            1.000000
     3.950            0.000000            0.996777            1.000000
     4.000            0.000000            0.991989            1.000000
     4.050            0.000000            0.987824            1.000000
     4.100            0.000000            0.984722            1.000000
     4.150            0.000000            0.982659            1.000000
     4.200            0.000000            0.982457            1.000000
     4.250            0.000000            0.984431            1.000000
     4.300            0.000000            0.987053            1.000000
     4.350            0.000000            0.990302            1.000000
     4.400            0.000000            0.994356            1.000000
     4.450            0.000000            0.999356            1.000000
     4.500            0.000000            1.005365            1.000000
     4.550            0.000000            1.010778            1.000000
     4.600            0.000000            1.012768            1.000000
     4.650            0.000000            1.013355            1.000000
     4.700            0.000000            1.014605            1.000000
     4.750            0.000000            1.017282            1.000000
     4.800            0.000000            1.021404            1.000000
     4.850            0.000000            1.023161            1.000000
     4.900            0.000000            1.018602            1.000000
     4.950           -0.000000            1.004096            1.000000
     5.000           -0.000000            0.985415            1.000000
